currLat=19.385430
currLon=72.828738
lat=[19.1136,19.2241]
lon=[72.8697,72.8666]