currLat=19.385430
currLon=72.828738
lat=[19.1136,19.2241]
lon=[72.8697,72.8666]
galat = 18.9220
galon = 72.8347

lat = [ 19.385430 , 19.1136 , 19.2241 , 18.9220 ]
lon = [ 72.828738 , 72.8697,72.8666 , 72.8347 ]

